168
1 1
2 2 1
2 3 2
2 4 3
2 5 3
2 6 5
2 7 6
4 8 6 5 4
2 9 5
2 10 7
2 11 9
4 12 6 4 1
4 13 4 3 1
4 14 5 3 1
2 15 14
4 16 15 13 4
2 17 14
2 18 11
4 19 6 2 1
2 20 17
2 21 19
2 22 21
2 23 18
4 24 23 22 17
2 25 22
4 26 6 2 1
4 27 5 2 1
2 28 25
2 29 27
4 30 6 4 1
2 31 28
4 32 22 2 1
2 33 20
4 34 27 2 1
2 35 33
2 36 25
6 37 5 4 3 2 1
4 38 6 5 1
2 39 35
4 40 38 21 19
2 41 38
4 42 41 20 19
4 43 42 38 37
4 44 43 18 17
4 45 44 42 41
4 46 45 26 25
2 47 42
4 48 47 21 20
2 49 40
4 50 49 24 23
4 51 50 36 35
2 52 49
4 53 52 38 37
4 54 53 18 17
2 55 31
4 56 55 35 34
2 57 50
2 58 39
4 59 58 38 37
2 60 59
4 61 60 46 45
4 62 61 6 5
2 63 62
4 64 63 61 60
2 65 47
4 66 65 57 56
4 67 66 58 57
2 68 59
4 69 67 42 40
4 70 69 55 54
2 71 65
4 72 66 25 19
2 73 48
4 74 73 59 58
4 75 74 65 64
4 76 75 41 40
4 77 76 47 46
4 78 77 59 58
2 79 70
4 80 79 43 42
2 81 77
4 82 79 47 44
4 83 82 38 37
2 84 71
4 85 84 58 57
4 86 85 74 73
2 87 74
4 88 87 17 16
2 89 51
4 90 89 72 71
4 91 90 8 7
4 92 91 80 79
2 93 91
2 94 73
2 95 84
4 96 94 49 47
2 97 91
2 98 87
4 99 97 54 52
2 100 63
4 101 100 95 94
4 102 101 36 35
2 103 94
4 104 103 94 93
2 105 89
2 106 91
4 107 105 44 42
2 108 77
4 109 108 103 102
4 110 109 98 97
2 111 101
4 112 110 69 67
2 113 104
4 114 113 33 32
4 115 114 101 100
4 116 115 46 45
4 117 115 99 97
2 118 85
2 119 111
4 120 113 9 2
2 121 103
4 122 121 63 62
2 123 121
2 124 87
4 125 124 18 17
4 126 125 90 89
2 127 126
4 128 126 101 99
2 129 124
2 130 127
4 131 130 84 83
2 132 103
4 133 132 82 81
2 134 77
2 135 124
4 136 135 11 10
2 137 116
4 138 137 131 130
4 139 136 134 131
2 140 111
4 141 140 110 109
2 142 121
4 143 142 123 122
4 144 143 75 74
2 145 93
4 146 145 87 86
4 147 146 110 109
2 148 121
4 149 148 40 39
2 150 97
2 151 148
4 152 151 87 86
2 153 152
4 154 152 27 25
4 155 154 124 123
4 156 155 41 40
4 157 156 131 130
4 158 157 132 131
2 159 128
4 160 159 142 141
2 161 143
4 162 161 75 74
4 163 162 104 103
4 164 163 151 150
4 165 164 135 134
4 166 165 128 127
2 167 161
4 168 166 153 151
